[gd_scene load_steps=18 format=3 uid="uid://l25byk5j4gus"]

[ext_resource type="Script" path="res://addons/phantom_camera/scripts/phantom_camera/phantom_camera_3D.gd" id="1_5j3ov"]
[ext_resource type="Script" path="res://ui/aircraft_hud.gd" id="1_en61t"]
[ext_resource type="PackedScene" uid="uid://chji78mhvr35x" path="res://entities/aircraft/ask21/ask_21.tscn" id="1_mpoqe"]
[ext_resource type="Shader" path="res://shaders/fog.gdshader" id="1_r6fcu"]
[ext_resource type="Script" path="res://addons/phantom_camera/scripts/phantom_camera_host/phantom_camera_host.gd" id="3_yq5g2"]
[ext_resource type="PackedScene" uid="uid://buqx3jajy1q27" path="res://entities/terrains/tiles/mountain_alone_1_center.tscn" id="9_rieks"]
[ext_resource type="AudioStream" uid="uid://cm0pp5fwiat4q" path="res://sounds/wind1.wav" id="10_ipig2"]
[ext_resource type="Script" path="res://scripts/WindPlayer.gd" id="11_hmsp1"]
[ext_resource type="Script" path="res://scripts/tile_terrain_spawner.gd" id="14_et8ln"]
[ext_resource type="PackedScene" uid="uid://c6y53dkvqxqwc" path="res://entities/terrains/mountains_lake_1.tscn" id="16_stlg7"]

[sub_resource type="LabelSettings" id="LabelSettings_8koof"]
outline_size = 3
outline_color = Color(0, 0, 0, 1)

[sub_resource type="LabelSettings" id="LabelSettings_11xfi"]
outline_size = 2
outline_color = Color(0, 0, 0, 1)

[sub_resource type="ProceduralSkyMaterial" id="ProceduralSkyMaterial_0tj77"]

[sub_resource type="Sky" id="Sky_xnigv"]
sky_material = SubResource("ProceduralSkyMaterial_0tj77")

[sub_resource type="Environment" id="Environment_q57oy"]
background_mode = 2
sky = SubResource("Sky_xnigv")
tonemap_mode = 2
fog_light_color = Color(0.623529, 0.721569, 0.882353, 1)

[sub_resource type="QuadMesh" id="QuadMesh_svkgt"]
size = Vector2(2, 2)

[sub_resource type="ShaderMaterial" id="ShaderMaterial_hdb7h"]
render_priority = 0
shader = ExtResource("1_r6fcu")
shader_parameter/fog_start = 0.9993
shader_parameter/fog_color = Color(0.682353, 0.788235, 1, 1)

[node name="Node3D" type="Node3D"]

[node name="UI" type="MarginContainer" parent="."]
anchors_preset = 15
anchor_right = 1.0
anchor_bottom = 1.0
grow_horizontal = 2
grow_vertical = 2

[node name="Aircraft HUD" type="Control" parent="UI" node_paths=PackedStringArray("aircraft", "horizontal_speed_label", "vertical_speed_label")]
layout_mode = 2
script = ExtResource("1_en61t")
aircraft = NodePath("../../Glider")
horizontal_speed_label = NodePath("HorizontalSpeed")
vertical_speed_label = NodePath("VerticalSpeed")

[node name="HorizontalSpeed" type="Label" parent="UI/Aircraft HUD"]
layout_mode = 1
anchors_preset = 2
anchor_top = 1.0
anchor_bottom = 1.0
offset_top = -26.0
offset_right = 29.0
grow_vertical = 0
text = "100km/h"
label_settings = SubResource("LabelSettings_8koof")

[node name="VerticalSpeed" type="Label" parent="UI/Aircraft HUD"]
layout_mode = 1
anchors_preset = 3
anchor_left = 1.0
anchor_top = 1.0
anchor_right = 1.0
anchor_bottom = 1.0
offset_left = -27.0
offset_top = -26.0
grow_horizontal = 0
grow_vertical = 0
text = "-2m/s"
label_settings = SubResource("LabelSettings_11xfi")

[node name="WindPlayer" type="AudioStreamPlayer" parent="." node_paths=PackedStringArray("aircraft")]
stream = ExtResource("10_ipig2")
bus = &"Wind"
script = ExtResource("11_hmsp1")
aircraft = NodePath("../Glider")

[node name="WorldEnvironment" type="WorldEnvironment" parent="."]
environment = SubResource("Environment_q57oy")

[node name="DirectionalLight3D" type="DirectionalLight3D" parent="."]
transform = Transform3D(-0.446343, 0.320208, -0.83561, -0.248932, 0.8525, 0.459648, 0.859541, 0.413171, -0.300798, 0, 0, 0)

[node name="PhantomCamera3D" type="Node3D" parent="."]
transform = Transform3D(-1, -2.26267e-08, 8.44439e-08, 0, 0.965926, 0.258819, -8.74228e-08, 0.258819, -0.965926, 2.53332e-06, 578.121, -612.971)
script = ExtResource("1_5j3ov")
priority_override = false
priority = 0
follow_mode = 5
follow_target = NodePath("../Glider")
follow_parameters/distance = 30.0
follow_parameters/target_offset = Vector3(0, 5, 0)
follow_parameters/damping = false
follow_parameters/dead_zone_horizontal = 0.0
follow_parameters/dead_zone_vertical = 0.0
follow_parameters/viewfinder_in_play = false
look_at_mode = 0
tween_parameters = null
tween_on_load = true
inactive_update_mode = 0
camera_3D_resource = null

[node name="Camera3D" type="Camera3D" parent="."]
transform = Transform3D(-1, -2.26267e-08, 8.44439e-08, 0, 0.965926, 0.258819, -8.74228e-08, 0.258819, -0.965926, 2.53332e-06, 578.121, -612.971)
current = true
near = 1.0
far = 6000.0

[node name="PhantomCameraHost" type="Node" parent="Camera3D"]
script = ExtResource("3_yq5g2")

[node name="Fog" type="MeshInstance3D" parent="Camera3D"]
transform = Transform3D(-1, 1.77636e-15, -8.74228e-08, -2.26267e-08, 0.965926, 0.258819, 8.44439e-08, 0.258819, -0.965926, -5.24164e-07, 1.55182, -5.79144)
visible = false
mesh = SubResource("QuadMesh_svkgt")
skeleton = NodePath("../..")
surface_material_override/0 = SubResource("ShaderMaterial_hdb7h")

[node name="Glider" parent="." instance=ExtResource("1_mpoqe")]
transform = Transform3D(1, 0, 0, 0, 1, 0, 0, 0, 1, 0, 565.356, -583.993)
collision_layer = 1
mass = 400.0
linear_velocity = Vector3(0, -2, 25)

[node name="Terrain" type="Node3D" parent="."]
visible = false
script = ExtResource("14_et8ln")
width = 1

[node name="mountain_alone_1_center" parent="Terrain" instance=ExtResource("9_rieks")]

[node name="mountains_lake_1" parent="." instance=ExtResource("16_stlg7")]
