[gd_scene load_steps=13 format=3 uid="uid://l25byk5j4gus"]

[ext_resource type="Script" path="res://addons/phantom_camera/scripts/phantom_camera/phantom_camera_3D.gd" id="1_5j3ov"]
[ext_resource type="Script" path="res://ui/aircraft_hud.gd" id="1_en61t"]
[ext_resource type="PackedScene" uid="uid://chji78mhvr35x" path="res://entities/aircraft/ask21/ask_21.tscn" id="1_mpoqe"]
[ext_resource type="Script" path="res://addons/phantom_camera/scripts/phantom_camera_host/phantom_camera_host.gd" id="3_yq5g2"]
[ext_resource type="PackedScene" uid="uid://k5uuocnk37nr" path="res://entities/winds/thermals/thermal.tscn" id="9_buwum"]
[ext_resource type="AudioStream" uid="uid://cm0pp5fwiat4q" path="res://sounds/wind1.wav" id="10_ipig2"]
[ext_resource type="Script" path="res://scripts/WindPlayer.gd" id="11_hmsp1"]
[ext_resource type="PackedScene" uid="uid://drot3qniko7g3" path="res://entities/terrains/mountains/mountain_alone_1.tscn" id="11_ua50s"]
[ext_resource type="Script" path="res://scripts/tile_terrain_spawner.gd" id="14_et8ln"]

[sub_resource type="ProceduralSkyMaterial" id="ProceduralSkyMaterial_eufap"]
sky_horizon_color = Color(0.64625, 0.65575, 0.67075, 1)
ground_horizon_color = Color(0.64625, 0.65575, 0.67075, 1)

[sub_resource type="Sky" id="Sky_xnigv"]
sky_material = SubResource("ProceduralSkyMaterial_eufap")

[sub_resource type="Environment" id="Environment_q57oy"]
background_mode = 2
sky = SubResource("Sky_xnigv")
tonemap_mode = 2
fog_light_color = Color(0.623529, 0.721569, 0.882353, 1)

[node name="Node3D" type="Node3D"]

[node name="UI" type="MarginContainer" parent="."]
anchors_preset = 15
anchor_right = 1.0
anchor_bottom = 1.0
grow_horizontal = 2
grow_vertical = 2

[node name="Aircraft HUD" type="Control" parent="UI" node_paths=PackedStringArray("aircraft", "horizontal_speed_label", "vertical_speed_label")]
layout_mode = 2
script = ExtResource("1_en61t")
aircraft = NodePath("../../Glider")
horizontal_speed_label = NodePath("HorizontalSpeed")
vertical_speed_label = NodePath("VerticalSpeed")

[node name="HorizontalSpeed" type="Label" parent="UI/Aircraft HUD"]
layout_mode = 1
anchors_preset = 2
anchor_top = 1.0
anchor_bottom = 1.0
offset_top = -26.0
offset_right = 29.0
grow_vertical = 0
text = "100km/h"

[node name="VerticalSpeed" type="Label" parent="UI/Aircraft HUD"]
layout_mode = 1
anchors_preset = 3
anchor_left = 1.0
anchor_top = 1.0
anchor_right = 1.0
anchor_bottom = 1.0
offset_left = -27.0
offset_top = -26.0
grow_horizontal = 0
grow_vertical = 0
text = "-2m/s"

[node name="WindPlayer" type="AudioStreamPlayer" parent="." node_paths=PackedStringArray("aircraft")]
stream = ExtResource("10_ipig2")
bus = &"Wind"
script = ExtResource("11_hmsp1")
aircraft = NodePath("../Glider")

[node name="WorldEnvironment" type="WorldEnvironment" parent="."]
environment = SubResource("Environment_q57oy")

[node name="DirectionalLight3D" type="DirectionalLight3D" parent="."]
transform = Transform3D(-0.866023, -0.433016, 0.250001, 0, 0.499998, 0.866027, -0.500003, 0.749999, -0.43301, 0, 0, 0)

[node name="PhantomCamera3D" type="Node3D" parent="."]
transform = Transform3D(-1, -2.26267e-08, 8.44439e-08, 0, 0.965926, 0.258819, -8.74228e-08, 0.258819, -0.965926, 0, 580.356, -259.993)
script = ExtResource("1_5j3ov")
priority_override = false
priority = 0
follow_mode = 2
follow_target = NodePath("../Glider")
follow_parameters/target_offset = Vector3(0, 15, -40)
follow_parameters/damping = true
follow_parameters/damping_value = 10.0
look_at_mode = 0
tween_parameters = null
tween_on_load = true
inactive_update_mode = 0
camera_3D_resource = null

[node name="Camera3D" type="Camera3D" parent="."]
transform = Transform3D(-1, -2.26267e-08, 8.44439e-08, 0, 0.965926, 0.258819, -8.74228e-08, 0.258819, -0.965926, 0, 580.356, -259.993)
near = 1.0
far = 6000.0

[node name="PhantomCameraHost" type="Node" parent="Camera3D"]
script = ExtResource("3_yq5g2")

[node name="Glider" parent="." instance=ExtResource("1_mpoqe")]
transform = Transform3D(1, 0, 0, 0, 1, 0, 0, 0, 1, 0, 565.356, -219.993)
collision_layer = 1
mass = 400.0
linear_velocity = Vector3(0, -2, 25)

[node name="Terrain" type="Node3D" parent="."]
script = ExtResource("14_et8ln")

[node name="MountainAlone1" parent="Terrain" instance=ExtResource("11_ua50s")]

[node name="Thermal" parent="." instance=ExtResource("9_buwum")]
